@mui\material: 1.28 MB (27.3%)
@mui\base: 387.29 KB (8.07%)
lodash: 239.44 KB (4.99%)
@mui\system: 162.12 KB (3.38%)
immutable: 139.01 KB (2.90%)
react-dom: 129.98 KB (2.71%)
core-js-pure: 117.05 KB (2.44%)
js-yaml: 105.01 KB (2.19%)
react-redux: 90.92 KB (1.89%)
axios: 87.01 KB (1.81%)
@reduxjs\toolkit: 84.36 KB (1.76%)
i18next: 82.68 KB (1.72%)
@popperjs\core: 68.84 KB (1.43%)
buffer: 56.99 KB (1.19%)
react-transition-group: 55.52 KB (1.16%)
@emotion\cache: 40.02 KB (0.834%)
@mui\utils: 34.3 KB (0.715%)
redux: 28.94 KB (0.603%)
react-i18next: 25.61 KB (0.534%)
stylis: 23.54 KB (0.491%)
@emotion\react: 23.27 KB (0.485%)
sha.js: 18.57 KB (0.387%)
immer: 17.99 KB (0.375%)
url-parse: 16.23 KB (0.338%)
@mui\styled-engine: 16.06 KB (0.335%)
@emotion\serialize: 13.35 KB (0.278%)
react-hot-toast: 9.31 KB (0.194%)
reselect: 8.85 KB (0.184%)
@emotion\styled: 8.18 KB (0.171%)
react: 7.98 KB (0.166%)
redux-immutable: 5.43 KB (0.113%)
process: 5.29 KB (0.110%)
@emotion\sheet: 4.66 KB (0.0972%)
scheduler: 4.33 KB (0.0902%)
@emotion\is-prop-valid: 4.33 KB (0.0901%)
deep-extend: 4.19 KB (0.0874%)
@babel\runtime: 3.93 KB (0.0820%)
base64-js: 3.84 KB (0.0800%)
@mui\private-theming: 3.5 KB (0.0730%)
@babel\runtime-corejs3: 3.26 KB (0.0679%)
css.escape: 3.08 KB (0.0642%)
serialize-error: 2.93 KB (0.0610%)
hoist-non-react-statics: 2.68 KB (0.0558%)
prop-types: 2.6 KB (0.0542%)
use-sync-external-store: 2.59 KB (0.0541%)
querystringify: 2.5 KB (0.0522%)
react-is: 2.4 KB (0.0501%)
goober: 2.23 KB (0.0465%)
@mui\icons-material: 2.11 KB (0.0439%)
ieee754: 2.1 KB (0.0438%)
html-parse-stringify: 2.09 KB (0.0436%)
@emotion\utils: 1.72 KB (0.0359%)
safe-buffer: 1.63 KB (0.0340%)
@emotion\hash: 1.62 KB (0.0337%)
clipboard-copy: 1.61 KB (0.0336%)
dom-helpers: 1.57 KB (0.0327%)
randombytes: 1.54 KB (0.0321%)
@braintree\sanitize-url: 1.38 KB (0.0287%)
redux-thunk: 1.27 KB (0.0265%)
@emotion\unitless: 924 B (0.0188%)
inherits: 753 B (0.0153%)
requires-port: 753 B (0.0153%)
@emotion\use-insertion-effect-with-fallbacks: 472 B (0.00961%)
@emotion\weak-memoize: 379 B (0.00771%)
clsx: 374 B (0.00761%)
void-elements: 338 B (0.00688%)
@emotion\memoize: 202 B (0.00411%)
<self>: 1.27 MB (27.1%)
