@mui\material: 1.24 MB (31.3%)
@mui\base: 387.29 KB (9.54%)
lodash: 239.44 KB (5.90%)
@mui\system: 148.8 KB (3.67%)
immutable: 139.01 KB (3.43%)
react-dom: 129.98 KB (3.20%)
core-js-pure: 108.75 KB (2.68%)
js-yaml: 105.01 KB (2.59%)
react-redux: 90.92 KB (2.24%)
@reduxjs\toolkit: 84.36 KB (2.08%)
i18next: 82.68 KB (2.04%)
@popperjs\core: 68.84 KB (1.70%)
buffer: 56.99 KB (1.40%)
react-transition-group: 55.52 KB (1.37%)
@mui\utils: 34.3 KB (0.845%)
redux: 28.94 KB (0.713%)
react-i18next: 25.61 KB (0.631%)
stylis: 23.54 KB (0.580%)
@emotion\react: 23.27 KB (0.574%)
sha.js: 18.57 KB (0.458%)
@emotion\cache: 18.41 KB (0.454%)
immer: 17.99 KB (0.443%)
url-parse: 16.23 KB (0.400%)
@emotion\serialize: 10.83 KB (0.267%)
reselect: 8.85 KB (0.218%)
@emotion\styled: 8.18 KB (0.202%)
react: 7.98 KB (0.197%)
redux-immutable: 5.43 KB (0.134%)
process: 5.29 KB (0.130%)
@emotion\sheet: 4.66 KB (0.115%)
scheduler: 4.33 KB (0.107%)
@emotion\is-prop-valid: 4.33 KB (0.107%)
deep-extend: 4.19 KB (0.103%)
base64-js: 3.84 KB (0.0946%)
@babel\runtime: 3.71 KB (0.0915%)
@mui\styled-engine: 3.55 KB (0.0875%)
@mui\private-theming: 3.5 KB (0.0864%)
css.escape: 3.08 KB (0.0759%)
@babel\runtime-corejs3: 3.01 KB (0.0742%)
serialize-error: 2.93 KB (0.0721%)
hoist-non-react-statics: 2.68 KB (0.0660%)
prop-types: 2.6 KB (0.0641%)
use-sync-external-store: 2.59 KB (0.0639%)
querystringify: 2.5 KB (0.0617%)
react-is: 2.4 KB (0.0592%)
ieee754: 2.1 KB (0.0518%)
html-parse-stringify: 2.09 KB (0.0516%)
@emotion\utils: 1.72 KB (0.0424%)
safe-buffer: 1.63 KB (0.0402%)
@emotion\hash: 1.62 KB (0.0398%)
dom-helpers: 1.57 KB (0.0387%)
randombytes: 1.54 KB (0.0380%)
@braintree\sanitize-url: 1.38 KB (0.0340%)
redux-thunk: 1.27 KB (0.0314%)
@emotion\unitless: 924 B (0.0222%)
inherits: 753 B (0.0181%)
requires-port: 753 B (0.0181%)
@emotion\use-insertion-effect-with-fallbacks: 472 B (0.0114%)
@emotion\weak-memoize: 379 B (0.00912%)
clsx: 374 B (0.00900%)
void-elements: 338 B (0.00813%)
@emotion\memoize: 202 B (0.00486%)
<self>: 761.97 KB (18.8%)
